# SD_tot is the amplitude of the overall spectral distortion (SD)
# The SD[i] are the amplitudes of the individual SDs
# The SDs are given in units [10^-26 W m^-2 Hz^-1 sr^-1] 
#
# 1:Dimensionless frequency x     2:Frequency nu [GHz]     3:SD_tot                 4:SD[g]                  5:SD[y]                  6:SD[mu]                 7:SD[e_0]                8:SD[e_1]            
       5.282594766043e-01       3.000000000000e+01      -8.558044458807e+00       0.000000000000e+00      -4.877304340705e-01      -9.847255252588e+00       1.605170645635e+00       1.717705822167e-01 
       7.923892149064e-01       4.500000000000e+01      -1.162842472384e+01       0.000000000000e+00      -1.034929472769e+00      -1.207292701958e+01       1.408161036967e+00       7.127073154802e-02 
       1.056518953209e+00       6.000000000000e+01      -1.334231133091e+01       0.000000000000e+00      -1.693802718729e+00      -1.254649083802e+01       9.174572176549e-01      -1.947499181629e-02 
       1.320648691511e+00       7.500000000000e+01      -1.355064941228e+01       0.000000000000e+00      -2.376439471146e+00      -1.143613529644e+01       3.354400069673e-01      -7.351465166120e-02 
       1.584778429813e+00       9.000000000000e+01      -1.226977212120e+01       0.000000000000e+00      -2.993209138954e+00      -8.991677827123e+00      -1.963687651986e-01      -8.851638992586e-02 
       1.848908168115e+00       1.050000000000e+02      -9.648958097505e+00       0.000000000000e+00      -3.464146487190e+00      -5.516984979174e+00      -5.940514391806e-01      -7.377519195991e-02 
       2.113037906417e+00       1.200000000000e+02      -5.932650355510e+00       0.000000000000e+00      -3.727890116562e+00      -1.340691353929e+00      -8.218494216242e-01      -4.221946339433e-02 
       2.377167644719e+00       1.350000000000e+02      -1.423700190703e+00       0.000000000000e+00      -3.747116408077e+00       3.211162335805e+00      -8.818308636270e-01      -5.915254803860e-03 
       2.641297383021e+00       1.500000000000e+02       3.553561085093e+00       0.000000000000e+00      -3.510210254219e+00       7.838034036736e+00      -8.004346345897e-01       2.617193716614e-02 
       2.905427121324e+00       1.650000000000e+02       8.683759503961e+00       0.000000000000e+00      -3.029541100341e+00       1.228171317459e+01      -6.171494664161e-01       4.873689613012e-02 
       3.169556859626e+00       1.800000000000e+02       1.368399320246e+01       0.000000000000e+00      -2.337212208586e+00       1.633652774973e+01      -3.751047206277e-01       5.978238194763e-02 
       3.433686597928e+00       1.950000000000e+02       1.831954719206e+01       0.000000000000e+00      -1.479306331565e+00       1.985334545910e+01      -1.143095403550e-01       5.981760488661e-02 
       3.697816336230e+00       2.100000000000e+02       2.241211915847e+01       0.000000000000e+00      -5.096984469666e-01       2.273833212916e+01       1.325228088002e-01       5.096266747474e-02 
       3.961946074532e+00       2.250000000000e+02       2.584119485946e+01       0.000000000000e+00       5.157538303692e-01       2.494772577976e+01       3.416865159637e-01       3.602873336764e-02 
       4.226075812834e+00       2.400000000000e+02       2.854116716701e+01       0.000000000000e+00       1.544051571727e+00       2.648023272412e+01       4.988594773581e-01       1.802339380568e-02 
       4.490205551136e+00       2.550000000000e+02       3.049424516398e+01       0.000000000000e+00       2.528630943423e+00       2.736800898977e+01       5.980010770201e-01      -3.958462338328e-04 
       4.754335289439e+00       2.700000000000e+02       3.172186271938e+01       0.000000000000e+00       3.431609946955e+00       2.766763243238e+01       6.397542949395e-01      -1.713395489633e-02 
       5.018465027741e+00       2.850000000000e+02       3.227525427983e+01       0.000000000000e+00       4.224817369711e+00       2.745157743295e+01       6.296070631606e-01      -3.074758599040e-02 
       5.282594766043e+00       3.000000000000e+02       3.222633915806e+01       0.000000000000e+00       4.889811092495e+00       2.680076921850e+01       5.761912587326e-01      -4.043241166478e-02 
       5.546724504345e+00       3.150000000000e+02       3.165914447972e+01       0.000000000000e+00       5.417166130224e+00       2.579848771213e+01       4.894015543127e-01      -4.591091695016e-02 
       5.810854242647e+00       3.300000000000e+02       3.066336995702e+01       0.000000000000e+00       5.805261927908e+00       2.452575121186e+01       3.797081335043e-01      -4.735131625516e-02 
       6.074983980949e+00       3.450000000000e+02       2.932834088625e+01       0.000000000000e+00       6.058814368372e+00       2.305786345683e+01       2.568810761298e-01      -4.521801507537e-02 
       6.339113719251e+00       3.600000000000e+02       2.773904733309e+01       0.000000000000e+00       6.187356925736e+00       2.146233814419e+01       1.295104284311e-01      -4.015816526482e-02 
       6.603243457554e+00       3.750000000000e+02       2.597317690442e+01       0.000000000000e+00       6.203745550880e+00       1.979764247074e+01       4.690465935121e-03      -3.290158313435e-02 
       6.867373195856e+00       3.900000000000e+02       2.409944707977e+01       0.000000000000e+00       6.122863583557e+00       1.811284346316e+01      -1.120691857674e-01      -2.419078117281e-02 
       7.131502934158e+00       4.050000000000e+02       2.217662900857e+01       0.000000000000e+00       5.960486007796e+00       1.644772897025e+01      -2.168964467521e-01      -1.468952273046e-02 
       7.395632672460e+00       4.200000000000e+02       2.025358250006e+01       0.000000000000e+00       5.732391197907e+00       1.483344985285e+01      -3.072548138093e-01      -5.003736882750e-03 
       7.659762410762e+00       4.350000000000e+02       1.836947678731e+01       0.000000000000e+00       5.453682862003e+00       1.329328316590e+01      -3.818674802596e-01       4.378239673709e-03 
       7.923892149064e+00       4.500000000000e+02       1.655460635203e+01       0.000000000000e+00       5.138308621894e+00       1.184367455357e+01      -4.404575981253e-01       1.308077469207e-02 
       8.188021887366e+00       4.650000000000e+02       1.483126011186e+01       0.000000000000e+00       4.798748107112e+00       1.049519688050e+01      -4.835221893645e-01       2.083731360654e-02 
       8.452151625668e+00       4.800000000000e+02       1.321483195524e+01       0.000000000000e+00       4.445860392198e+00       9.253625201703e+00      -5.121316503613e-01       2.747801170381e-02 
       8.716281363971e+00       4.950000000000e+02       1.171486847852e+01       0.000000000000e+00       4.088833142468e+00       8.120809768481e+00      -5.277005820729e-01       3.292614964179e-02 
       8.980411102273e+00       5.100000000000e+02       1.033605960278e+01       0.000000000000e+00       3.735216516838e+00       7.095570440667e+00      -5.318928835742e-01       3.716552884853e-02 
       9.244540840575e+00       5.250000000000e+02       9.079239480170e+00       0.000000000000e+00       3.391018095726e+00       6.174437531701e+00      -5.264540914838e-01       4.023794422663e-02 
       9.508670578877e+00       5.400000000000e+02       7.942236057631e+00       0.000000000000e+00       3.060841543612e+00       5.352291206346e+00      -5.131215336862e-01       4.222484136001e-02 
       9.772800317179e+00       5.550000000000e+02       6.920634361096e+00       0.000000000000e+00       2.748052054808e+00       4.622900361728e+00      -4.935523623520e-01       4.323430691146e-02 
       1.003693005548e+01       5.700000000000e+02       6.008396121564e+00       0.000000000000e+00       2.454934340628e+00       3.979359130286e+00      -4.692880202414e-01       4.339067089062e-02 
       1.030105979378e+01       5.850000000000e+02       5.198460344885e+00       0.000000000000e+00       2.182865533785e+00       3.414437757408e+00      -4.416658562561e-01       4.282290994907e-02 
       1.056518953209e+01       6.000000000000e+02       4.483091319590e+00       0.000000000000e+00       1.932474192635e+00       2.920850645886e+00      -4.118948032174e-01       4.166128428618e-02 
       1.082931927039e+01       6.150000000000e+02       3.854290305815e+00       0.000000000000e+00       1.703786761382e+00       2.491462042812e+00      -3.809883586154e-01       4.002986023706e-02 
       1.109344900869e+01       6.300000000000e+02       3.304045941891e+00       0.000000000000e+00       1.496360808172e+00       2.119427507476e+00      -3.497857249100e-01       3.804335115301e-02 
       1.135757874699e+01       6.450000000000e+02       2.824543256633e+00       0.000000000000e+00       1.309399955668e+00       1.798301873726e+00      -3.189633917163e-01       3.580481895549e-02 
       1.162170848529e+01       6.600000000000e+02       2.408295257669e+00       0.000000000000e+00       1.141853216325e+00       1.522094161844e+00      -2.890576254862e-01       3.340550498648e-02 
       1.188583822360e+01       6.750000000000e+02       2.048282066166e+00       0.000000000000e+00       9.924997494493e-01       1.285307599078e+00      -2.604454657277e-01       3.092018336644e-02 
       1.214996796190e+01       6.900000000000e+02       1.737955233219e+00       0.000000000000e+00       8.600153107332e-01       1.082946134611e+00      -2.334204027824e-01       2.841419065721e-02 
       1.241409770020e+01       7.050000000000e+02       1.471310499856e+00       0.000000000000e+00       7.430278528877e-01       9.105112751439e-01      -2.081680889699e-01       2.593946079382e-02 
       1.267822743850e+01       7.200000000000e+02       1.242888241218e+00       0.000000000000e+00       6.401619383415e-01       7.639837499134e-01      -1.847942257925e-01       2.353677875564e-02 
       1.294235717680e+01       7.350000000000e+02       1.047764697120e+00       0.000000000000e+00       5.500709469235e-01       6.397965201031e-01      -1.633397444704e-01       2.123697456426e-02 
       1.320648691511e+01       7.500000000000e+02       8.815289307595e-01       0.000000000000e+00       4.714601297834e-01       5.348040654169e-01      -1.437981229959e-01       1.906285855517e-02 
       1.347061665341e+01       7.650000000000e+02       7.402711806701e-01       0.000000000000e+00       4.031055949732e-01       4.462483200954e-01      -1.261104384039e-01       1.702770400537e-02 
       1.373474639171e+01       7.800000000000e+02       6.205248524478e-01       0.000000000000e+00       3.438644782944e-01       3.717229336563e-01      -1.102034980264e-01       1.514093852354e-02 
       1.399887613001e+01       7.950000000000e+02       5.192460894071e-01       0.000000000000e+00       2.926801304300e-01       3.091381831296e-01      -9.597831353100e-02       1.340608937857e-02 
       1.426300586832e+01       8.100000000000e+02       4.337741014893e-01       0.000000000000e+00       2.485865921173e-01       2.566875605722e-01      -8.332274012153e-02       1.182268892127e-02 
       1.452713560662e+01       8.250000000000e+02       3.617916567136e-01       0.000000000000e+00       2.107068651040e-01       2.128149190080e-01      -7.211726763130e-02       1.038714023286e-02 
       1.479126534492e+01       8.400000000000e+02       3.012900165957e-01       0.000000000000e+00       1.782509457841e-01       1.761851550655e-01      -6.223964215246e-02       9.093557898545e-03 
       1.505539508322e+01       8.550000000000e+02       2.505328730539e-01       0.000000000000e+00       1.505118924707e-01       1.456566599640e-01      -5.357047721155e-02       7.934797830697e-03 
       1.531952482152e+01       8.700000000000e+02       2.080024219531e-01       0.000000000000e+00       1.268606721665e-01       1.202560972756e-01      -4.602267027267e-02       6.908322783712e-03 
       1.558365455983e+01       8.850000000000e+02       1.724428184902e-01       0.000000000000e+00       1.067407700147e-01       9.915634509968e-02      -3.945352430763e-02       5.999227683406e-03 
       1.584778429813e+01       9.000000000000e+02       1.428509038443e-01       0.000000000000e+00       8.966205288822e-02       8.165648580007e-02      -3.364216815585e-02       5.174533311904e-03 
       1.611191403643e+01       9.150000000000e+02       1.181285825190e-01       0.000000000000e+00       7.519490420068e-02       6.716397360291e-02      -2.869670971559e-02       4.466414430976e-03 
       1.637604377473e+01       9.300000000000e+02       9.755732482894e-02       0.000000000000e+00       6.296435871817e-02       5.517921273348e-02      -2.443311592433e-02       3.846869301625e-03 
       1.664017351303e+01       9.450000000000e+02       8.051827211578e-02       0.000000000000e+00       5.264430517622e-02       4.528194113011e-02      -2.070030110273e-02       3.292326912178e-03 
       1.690430325134e+01       9.600000000000e+02       6.634488262051e-02       0.000000000000e+00       4.395216353641e-02       3.711941042832e-02      -1.754730400098e-02       2.820612656761e-03 
       1.716843298964e+01       9.750000000000e+02       5.460149384265e-02       0.000000000000e+00       3.664403688256e-02       3.039618538010e-02      -1.485075747200e-02       2.412029051991e-03 
       1.743256272794e+01       9.900000000000e+02       4.491488022115e-02       0.000000000000e+00       3.050987009747e-02       2.486528349558e-02      -1.251064990282e-02       2.050376530929e-03 
       1.769669246624e+01       1.005000000000e+03       3.688863329989e-02       0.000000000000e+00       2.536942220738e-02       2.032068282820e-02      -1.054660916284e-02       1.745137427151e-03 
